9.65625 0
3.1776 10000
2.16971 20000
2.02284 30000
1.9031 40000
1.78367 50000
1.66424 60000
1.54482 70000
1.42539 80000
1.30596 90000
1.18653 100000
1.06711 110000
0.947678 120000
0.82825 130000
0.708822 140000
0.589395 150000
0.469967 160000
0.350539 170000
0.231112 180000
0.111684 190000
-0.00774381 200000
-0.127171 210000
-0.246599 220000
-0.366027 230000
-0.485455 240000
-0.604882 250000
-0.72431 260000
-0.843738 270000
-0.963165 280000
-1.08259 290000
-1.20202 300000
-1.32145 310000
-1.44088 320000
-1.5603 330000
-1.67973 340000
-1.79916 350000
-1.91859 360000
-2.03801 370000
-2.15744 380000
-2.27687 390000
-2.3963 400000
-2.51573 410000
-2.63515 420000
-2.75458 430000
-2.87401 440000
-2.99344 450000
-3.11286 460000
-3.23229 470000
-3.35172 480000
-3.47115 490000
-3.59057 500000
-3.71 510000
-3.82943 520000
-3.94886 530000
-4.06829 540000
-4.18771 550000
-4.30714 560000
-4.42657 570000
-4.546 580000
-4.66542 590000
-4.78485 600000
-4.90428 610000
-5.02371 620000
-5.14313 630000
-5.26256 640000
-5.38199 650000
-5.50142 660000
-5.62085 670000
-5.74027 680000
-5.8597 690000
-5.97913 700000
-6.09856 710000
-6.21798 720000
-6.33741 730000
-6.45684 740000
-6.57627 750000
-6.69569 760000
-6.81512 770000
7.04376 0
6.78035 0
6.43107 0
5.93775 0
5.40849 0
7.04376 0
6.78035 0
6.43107 0
5.93775 0
5.40849 0
